10-05-2021 12:59:23

123006450
122992982
122991208
122989616
122750159
122378613
122117968
122117246
121736098
121250673
121212785
120881675
120706664
120160587
120159628
120156227
120128214
119893578
119831790
119790545
119535067
118933223
118633607
118592228
118591771
118590225
118510445
118509740
118336564
118336560
118334999
117861449
117745498
117509541
116704198
116506915
116488635
116484074
116187973
114041533
111127516
110851886
110517758
110478638
110478592
110399144
110388553
110128760
110038010
109642045
109158797
109147514
109097911
108917515
108856950
108351091
108188321
106892343
103950081
102699971
102195893
102179590
101261854
100072413
98978162
98681085
97350516
96781269
95035310
94989272
94077339
93769587
91256925
89564961
87950968
87611848
87433155
86591682
86180998
86100561
86098416
85769364
75535374
74104975
73601022
73154852
72721508
71623284
70531257
69544791
67355196
